shape_id,shape_pt_lat,shape_pt_lon,shape_pt_sequence
60922,33.656822,-117.732899,1
60922,33.656845,-117.732932,2
60922,33.656848,-117.733019,3
60922,33.656832,-117.733086,4
60922,33.656822,-117.733111,5
60922,33.656785,-117.733145,6
60922,33.656718,-117.733167,7
60922,33.656674,-117.733161,8
60922,33.656611,-117.733132,9
60922,33.65651,-117.732988,10
60922,33.65613,-117.732448,11
60922,33.656076,-117.732351,12
60922,33.655526,-117.732453,13
60922,33.655581,-117.732531,14
60922,33.655696,-117.732694,15
60922,33.656136,-117.733319,16
60922,33.656286,-117.73353,17
60922,33.656772,-117.734221,18
60922,33.656875,-117.734362,19
60922,33.656788,-117.734458,20
60922,33.656616,-117.734638,21
60922,33.656404,-117.734859,22
60922,33.656395,-117.734868,23
60922,33.656312,-117.734955,24
60922,33.656196,-117.73509,25
60922,33.656148,-117.735213,26
60922,33.656135,-117.735243,27
60922,33.655975,-117.735401,28
60922,33.655884,-117.735491,29
60922,33.655796,-117.735512,30
60922,33.655631,-117.735674,31
60922,33.655473,-117.735829,32
60922,33.655365,-117.735935,33
60922,33.654783,-117.736608,34
60922,33.654618,-117.736815,35
60922,33.65458,-117.736951,36
60922,33.654309,-117.73731,37
60922,33.654285,-117.73733,38
60922,33.654183,-117.737414,39
60922,33.654288,-117.737525,40
60922,33.654308,-117.737545,41
60922,33.654452,-117.737708,42
60922,33.654494,-117.737762,43
60922,33.65459,-117.737888,44
60922,33.65468,-117.738012,45
60922,33.654778,-117.738157,46
60922,33.654897,-117.738342,47
60922,33.654979,-117.738481,48
60922,33.655061,-117.738632,49
60922,33.655127,-117.73876,50
60922,33.655163,-117.73883,51
60922,33.655243,-117.738996,52
60922,33.655319,-117.739166,53
60922,33.655403,-117.739379,54
60922,33.655411,-117.739403,55
60922,33.655446,-117.739509,56
60922,33.655504,-117.739668,57
60922,33.655544,-117.739788,58
60922,33.65555,-117.739806,59
60922,33.655685,-117.740306,60
60922,33.655767,-117.740727,61
60922,33.655791,-117.740878,62
60922,33.655818,-117.741047,63
60922,33.655837,-117.741198,64
60922,33.655875,-117.741527,65
60922,33.655896,-117.741742,66
60922,33.655907,-117.741903,67
60922,33.655912,-117.742043,68
60922,33.655913,-117.742175,69
60922,33.655912,-117.742347,70
60922,33.655909,-117.742517,71
60922,33.655898,-117.742733,72
60922,33.655887,-117.74289,73
60922,33.65587,-117.743049,74
60922,33.655812,-117.743517,75
60922,33.65577,-117.743844,76
60922,33.655768,-117.743856,77
60922,33.655696,-117.744417,78
60922,33.655672,-117.744602,79
60922,33.655644,-117.744826,80
60922,33.655617,-117.745057,81
60922,33.655577,-117.745477,82
60922,33.655529,-117.745953,83
60922,33.655512,-117.746117,84
60922,33.655496,-117.746325,85
60922,33.65547,-117.746668,86
60922,33.655456,-117.746886,87
60922,33.655274,-117.746864,88
60922,33.65514,-117.746852,89
60922,33.65506,-117.746841,90
60922,33.65491,-117.74682,91
60922,33.654814,-117.746799,92
60922,33.654487,-117.74669,93
60922,33.654138,-117.746519,94
60922,33.653831,-117.746324,95
60922,33.653579,-117.74616,96
60922,33.653468,-117.746087,97
60922,33.653464,-117.746085,98
60922,33.653455,-117.746079,99
60922,33.653365,-117.746022,100
60922,33.653277,-117.746195,101
60922,33.653131,-117.746411,102
60922,33.653017,-117.74654,103
60922,33.652858,-117.746694,104
60922,33.652721,-117.746804,105
60922,33.65266,-117.746842,106
60922,33.652535,-117.746918,107
60922,33.65235,-117.747018,108
60922,33.652191,-117.747076,109
60922,33.652102,-117.747101,110
60922,33.652023,-117.747114,111
60922,33.651952,-117.747125,112
60922,33.651802,-117.747133,113
60922,33.651658,-117.747124,114
60922,33.651449,-117.747082,115
60922,33.651294,-117.747041,116
60922,33.65136,-117.747195,117
60922,33.651308,-117.747954,118
60922,33.651308,-117.747958,119
60922,33.651275,-117.748443,120
60922,33.651273,-117.74847,121
60922,33.651224,-117.7486,122
60922,33.651189,-117.748693,123
60922,33.651277,-117.748668,124
60922,33.651372,-117.748642,125
60922,33.651405,-117.74865,126
60922,33.651531,-117.748671,127
60922,33.651946,-117.748739,128
60922,33.652419,-117.748775,129
60922,33.652628,-117.748776,130
60922,33.653234,-117.748777,131
60922,33.653363,-117.748778,132
60922,33.653512,-117.748783,133
60922,33.654332,-117.748811,134
60922,33.654371,-117.748812,135
60922,33.654483,-117.748814,136
60922,33.655082,-117.748825,137
60922,33.655219,-117.748822,138
60922,33.655392,-117.748821,139
60922,33.655385,-117.749048,140
60922,33.655379,-117.749222,141
60922,33.655379,-117.749246,142
60922,33.655373,-117.749602,143
60922,33.655368,-117.749995,144
60922,33.655358,-117.750706,145
60922,33.655357,-117.750769,146
60922,33.655349,-117.751298,147
60922,33.655347,-117.751496,148
60922,33.655347,-117.75155,149
60922,33.655346,-117.751685,150
60922,33.655348,-117.751992,151
60922,33.655359,-117.752358,152
60922,33.655361,-117.752394,153
60922,33.65537,-117.752549,154
60922,33.655381,-117.752738,155
60922,33.655382,-117.75275,156
60922,33.655393,-117.752923,157
60922,33.655411,-117.753159,158
60922,33.655441,-117.75345,159
60922,33.655478,-117.753753,160
60922,33.65551,-117.753989,161
60922,33.655547,-117.754224,162
60922,33.655623,-117.754656,163
60922,33.655624,-117.754663,164
60922,33.655635,-117.754726,165
60922,33.655665,-117.75488,166
60922,33.655698,-117.755034,167
60922,33.655773,-117.755363,168
60922,33.655782,-117.755398,169
60922,33.65579,-117.755425,170
60922,33.65581,-117.755496,171
60922,33.655828,-117.755552,172
60922,33.655835,-117.755575,173
60922,33.65585,-117.755635,174
60922,33.655878,-117.755753,175
60922,33.655919,-117.755908,176
60922,33.655959,-117.756049,177
60922,33.656019,-117.756247,178
60922,33.656044,-117.756328,179
60922,33.656134,-117.756614,180
60922,33.656256,-117.756959,181
60922,33.656475,-117.757544,182
60922,33.656793,-117.758393,183
60922,33.656929,-117.758757,184
60922,33.657036,-117.759043,185
60922,33.657126,-117.759284,186
60922,33.6573,-117.759746,187
60922,33.657353,-117.759884,188
60922,33.657402,-117.760007,189
60922,33.657441,-117.760134,190
60922,33.657564,-117.760558,191
60922,33.657618,-117.760778,192
60922,33.657656,-117.760963,193
60922,33.657679,-117.761092,194
60922,33.6577,-117.761226,195
60922,33.657721,-117.761371,196
60922,33.657732,-117.761447,197
60922,33.657758,-117.761676,198
60922,33.657774,-117.761882,199
60922,33.657776,-117.761919,200
60922,33.657779,-117.762006,201
60922,33.657781,-117.762049,202
60922,33.657785,-117.76212,203
60922,33.657786,-117.762204,204
60922,33.657787,-117.762351,205
60922,33.657786,-117.762493,206
60922,33.657779,-117.762646,207
60922,33.657769,-117.762825,208
60922,33.657755,-117.763006,209
60922,33.657738,-117.763182,210
60922,33.657715,-117.763347,211
60922,33.657704,-117.763418,212
60922,33.65769,-117.763502,213
60922,33.65765,-117.763716,214
60922,33.657589,-117.764016,215
60922,33.657529,-117.764313,216
60922,33.657514,-117.764384,217
60922,33.657484,-117.764519,218
60922,33.65734,-117.765209,219
60922,33.657276,-117.765513,220
60922,33.657268,-117.765549,221
60922,33.657247,-117.765648,222
60922,33.657164,-117.766047,223
60922,33.657061,-117.766518,224
60922,33.657055,-117.766546,225
60922,33.657026,-117.766676,226
60922,33.656998,-117.766855,227
60922,33.656954,-117.76712,228
60922,33.656931,-117.767276,229
60922,33.656898,-117.767584,230
60922,33.656892,-117.767686,231
60922,33.656889,-117.767737,232
60922,33.656886,-117.767821,233
60922,33.656885,-117.767848,234
60922,33.656884,-117.767889,235
60922,33.656881,-117.768047,236
60922,33.656881,-117.768275,237
60922,33.656883,-117.768304,238
60922,33.65689,-117.76842,239
60922,33.656895,-117.768547,240
60922,33.656902,-117.768667,241
60922,33.656917,-117.768858,242
60922,33.656939,-117.769033,243
60922,33.656969,-117.769235,244
60922,33.656998,-117.769406,245
60922,33.657036,-117.769596,246
60922,33.657079,-117.769785,247
60922,33.657108,-117.769898,248
60922,33.657139,-117.77001,249
60922,33.657171,-117.770123,250
60922,33.657205,-117.770234,251
60922,33.657242,-117.770343,252
60922,33.657255,-117.770382,253
60922,33.657264,-117.770406,254
60922,33.657329,-117.770581,255
60922,33.657344,-117.770621,256
60922,33.657443,-117.770846,257
60922,33.657509,-117.770988,258
60922,33.657601,-117.77117,259
60922,33.657747,-117.771437,260
60922,33.657798,-117.77152,261
60922,33.657851,-117.771601,262
60922,33.657956,-117.771765,263
60922,33.658074,-117.771938,264
60922,33.658195,-117.772107,265
60922,33.658376,-117.772366,266
60922,33.658628,-117.772736,267
60922,33.658651,-117.77277,268
60922,33.658731,-117.772882,269
60922,33.658824,-117.773023,270
60922,33.65932,-117.77373,271
60922,33.659504,-117.773993,272
60922,33.659624,-117.774165,273
60922,33.659627,-117.774168,274
60922,33.659826,-117.774457,275
60922,33.659921,-117.774593,276
60922,33.660034,-117.774758,277
60922,33.660208,-117.775007,278
60922,33.660223,-117.775028,279
60922,33.660358,-117.775228,280
60922,33.660403,-117.775036,281
60922,33.660919,-117.774528,282
60922,33.661958,-117.773469,283
60922,33.662071,-117.773362,284
60922,33.662661,-117.772805,285
60922,33.662766,-117.772699,286
60922,33.663553,-117.77191,287
60922,33.663619,-117.771841,288
60922,33.663945,-117.771549,289
60922,33.663977,-117.771519,290
60922,33.664108,-117.771394,291
60922,33.66413,-117.771375,292
60922,33.664193,-117.77132,293
60922,33.664388,-117.771139,294
60922,33.664409,-117.77112,295
60922,33.664475,-117.771057,296
60922,33.664595,-117.770949,297
60922,33.664698,-117.771086,298
60922,33.664777,-117.771201,299
60922,33.665039,-117.771566,300
60922,33.665456,-117.772026,301
60922,33.666018,-117.772577,302
60922,33.666354,-117.772981,303
60922,33.666491,-117.773146,304
60922,33.666669,-117.773422,305
60922,33.66692,-117.773776,306
60922,33.666934,-117.773797,307
60922,33.666983,-117.773867,308
60922,33.667052,-117.773984,309
60922,33.667103,-117.774071,310
60922,33.667452,-117.774669,311
60922,33.667805,-117.775295,312
60922,33.668036,-117.775784,313
60922,33.668262,-117.776351,314
60922,33.668762,-117.777561,315
60922,33.668974,-117.777991,316
60922,33.669177,-117.778351,317
60922,33.669402,-117.778694,318
60922,33.669641,-117.779012,319
60922,33.670894,-117.78045,320
60922,33.671413,-117.781097,321
60922,33.672001,-117.782073,322
60922,33.672064,-117.782177,323
60922,33.672373,-117.782681,324
60922,33.672431,-117.782773,325
60922,33.672865,-117.783513,326
60922,33.672981,-117.783705,327
60922,33.673443,-117.784494,328
60922,33.673463,-117.784524,329
60922,33.673524,-117.784625,330
60922,33.673603,-117.784764,331
60922,33.673672,-117.784884,332
60922,33.673991,-117.78544,333
60922,33.674133,-117.785678,334
60922,33.674716,-117.786659,335
60922,33.674917,-117.786999,336
60922,33.675114,-117.787343,337
60922,33.675173,-117.787473,338
60922,33.675227,-117.787594,339
60922,33.67534,-117.787855,340
60922,33.675479,-117.788178,341
60922,33.67557,-117.78839,342
60922,33.675839,-117.789237,343
60922,33.675988,-117.789832,344
60922,33.676154,-117.790644,345
60922,33.676217,-117.79102,346
60922,33.676258,-117.791555,347
60922,33.67627,-117.791704,348
60922,33.676301,-117.792606,349
60922,33.676311,-117.793283,350
60922,33.676312,-117.793454,351
60922,33.676318,-117.794187,352
60922,33.676322,-117.794601,353
60922,33.676383,-117.79534,354
60922,33.676512,-117.796033,355
60922,33.676534,-117.796115,356
60922,33.676638,-117.796498,357
60922,33.676745,-117.796854,358
60922,33.676778,-117.79696,359
60922,33.67683,-117.797085,360
60922,33.676838,-117.797105,361
60922,33.676996,-117.797485,362
60922,33.677133,-117.797766,363
60922,33.677362,-117.798236,364
60922,33.677403,-117.798303,365
60922,33.677644,-117.798692,366
60922,33.678027,-117.79924,367
60922,33.67826,-117.799483,368
60922,33.678348,-117.799575,369
60922,33.678555,-117.799771,370
60922,33.678936,-117.800132,371
60922,33.67909,-117.800284,372
60922,33.679165,-117.800358,373
60922,33.679771,-117.800963,374
60922,33.679691,-117.801042,375
60922,33.67919,-117.801565,376
60922,33.679027,-117.801714,377
60922,33.67902,-117.801721,378
60922,33.678871,-117.801862,379
60922,33.67885,-117.801881,380
60922,33.678683,-117.802036,381
60922,33.678527,-117.802184,382
60922,33.678249,-117.802449,383
60922,33.677918,-117.802777,384
60922,33.677678,-117.803012,385
60922,33.677531,-117.803151,386
60922,33.677446,-117.803231,387
60922,33.677276,-117.803398,388
60922,33.677126,-117.803544,389
60922,33.67706,-117.803609,390
60922,33.676853,-117.803804,391
60922,33.676586,-117.804055,392
60922,33.676359,-117.804268,393
60922,33.676063,-117.804547,394
60922,33.675998,-117.804608,395
60922,33.676105,-117.804733,396
60922,33.676112,-117.804742,397
60922,33.676244,-117.804906,398
60922,33.676372,-117.80508,399
60922,33.676499,-117.805261,400
60922,33.676621,-117.805446,401
60922,33.676709,-117.805592,402
60922,33.676726,-117.805621,403
60922,33.67678,-117.805714,404
60922,33.676847,-117.805836,405
60922,33.677004,-117.806123,406
60922,33.677065,-117.806239,407
60922,33.677169,-117.806437,408
60922,33.677217,-117.806525,409
60922,33.677351,-117.806774,410
60922,33.677535,-117.807119,411
60922,33.677678,-117.807387,412
60922,33.677824,-117.807653,413
60922,33.6779,-117.807788,414
60922,33.67798,-117.807921,415
60922,33.678014,-117.807974,416
60922,33.678102,-117.80811,417
60922,33.67819,-117.808246,418
60922,33.678221,-117.808292,419
60922,33.678275,-117.80837,420
60922,33.678356,-117.808483,421
60922,33.678438,-117.808596,422
60922,33.678505,-117.808683,423
60922,33.678573,-117.80877,424
60922,33.678668,-117.808885,425
60922,33.678811,-117.809052,426
60922,33.678992,-117.809253,427
60922,33.679073,-117.809335,428
60922,33.679122,-117.809386,429
60922,33.679197,-117.809323,430
60922,33.67926,-117.809263,431
60922,33.679429,-117.809125,432
60922,33.679585,-117.808999,433
60922,33.679601,-117.808986,434
60922,33.679771,-117.808851,435
60922,33.679779,-117.808844,436
60922,33.679814,-117.808813,437
60922,33.679823,-117.808805,438
60922,33.679992,-117.808654,439
60922,33.680032,-117.80862,440
60922,33.680055,-117.8086,441
60922,33.680574,-117.808134,442
60922,33.680639,-117.808076,443
60922,33.680655,-117.80806,444
60922,33.680942,-117.807773,445
60922,33.681225,-117.807481,446
60922,33.681251,-117.807448,447
60922,33.681458,-117.807189,448
60922,33.681488,-117.807152,449
60922,33.681508,-117.807124,450
60922,33.681524,-117.807102,451
60922,33.681558,-117.807057,452
60922,33.681598,-117.807004,453
60922,33.68173,-117.806827,454
60922,33.68175,-117.8068,455
60922,33.681872,-117.806636,456
60922,33.681976,-117.806485,457
60922,33.682028,-117.806411,458
60922,33.682056,-117.806372,459
60922,33.682084,-117.806333,460
60922,33.682098,-117.806314,461
60922,33.682119,-117.806285,462
60922,33.682125,-117.806277,463
60922,33.682302,-117.806033,464
60922,33.682355,-117.805953,465
60922,33.682374,-117.805924,466
60922,33.682378,-117.805902,467
60922,33.682385,-117.805868,468
60922,33.682403,-117.805772,469
60922,33.682763,-117.805287,470
60922,33.683099,-117.80482,471
60922,33.683241,-117.804632,472
60922,33.683327,-117.804528,473
60922,33.683405,-117.804434,474
60922,33.683472,-117.804359,475
60922,33.683531,-117.804295,476
60922,33.683597,-117.804229,477
60922,33.683782,-117.804044,478
60922,33.68413,-117.803751,479
60922,33.684455,-117.803526,480
60922,33.684779,-117.803347,481
60922,33.685091,-117.803204,482
60922,33.685257,-117.80313,483
60922,33.685406,-117.803064,484
60922,33.685499,-117.803023,485
60922,33.685603,-117.802974,486
60922,33.685945,-117.802812,487
60922,33.686045,-117.802765,488
60922,33.686281,-117.802628,489
60922,33.686483,-117.802494,490
60922,33.686602,-117.802401,491
60922,33.686689,-117.802333,492
60922,33.686894,-117.802156,493
60922,33.686956,-117.802094,494
60922,33.68707,-117.801979,495
60922,33.687197,-117.801852,496
60922,33.68733,-117.801701,497
60922,33.687506,-117.801474,498
60922,33.687677,-117.80122,499
60922,33.687851,-117.800929,500
60922,33.687906,-117.800825,501
60922,33.687963,-117.800712,502
60922,33.688027,-117.800585,503
60922,33.688071,-117.800482,504
60922,33.688175,-117.800239,505
60922,33.688282,-117.799946,506
60922,33.688371,-117.799634,507
60922,33.688456,-117.799269,508
60922,33.688493,-117.799083,509
60922,33.688516,-117.798909,510
60922,33.688542,-117.798707,511
60922,33.68855,-117.798631,512
60922,33.688557,-117.798524,513
60922,33.688561,-117.798445,514
60922,33.688572,-117.798294,515
60922,33.68858,-117.798173,516
60922,33.688578,-117.797851,517
60922,33.688554,-117.797474,518
60922,33.688511,-117.797111,519
60922,33.688443,-117.796725,520
60922,33.688316,-117.796253,521
60922,33.688217,-117.795952,522
60922,33.688181,-117.795866,523
60922,33.688123,-117.795724,524
60922,33.688101,-117.795671,525
60922,33.688066,-117.795588,526
60922,33.687932,-117.795312,527
60922,33.687757,-117.79499,528
60922,33.687561,-117.794686,529
60922,33.687281,-117.794341,530
60922,33.687179,-117.794222,531
60922,33.687123,-117.794157,532
60922,33.686979,-117.794012,533
60922,33.686629,-117.793695,534
60922,33.686407,-117.79348,535
60922,33.686247,-117.793324,536
60922,33.685906,-117.792973,537
60922,33.68572,-117.792782,538
60922,33.68539,-117.792402,539
60922,33.685303,-117.792302,540
60922,33.685091,-117.792057,541
60922,33.684654,-117.791511,542
60922,33.684597,-117.79143,543
60922,33.684072,-117.790693,544
60922,33.684056,-117.79067,545
60922,33.683996,-117.790584,546
60922,33.683958,-117.790527,547
60922,33.683922,-117.790473,548
60922,33.683982,-117.79041,549
60922,33.684004,-117.790386,550
60922,33.684072,-117.790317,551
60922,33.6842,-117.790187,552
60922,33.684348,-117.790037,553
60922,33.685057,-117.789315,554
60922,33.685209,-117.789163,555
60922,33.685955,-117.788416,556
60922,33.686007,-117.788366,557
60922,33.686085,-117.788291,558
60922,33.686226,-117.788153,559
60922,33.686336,-117.788049,560
60922,33.686374,-117.788014,561
60922,33.686628,-117.787764,562
60922,33.686739,-117.787655,563
60922,33.687085,-117.787302,564
60922,33.687165,-117.787229,565
60922,33.687643,-117.786758,566
60922,33.68834,-117.786071,567
60922,33.688423,-117.78599,568
60922,33.688969,-117.78545,569
60922,33.688996,-117.785443,570
60922,33.689092,-117.785421,571
60922,33.689175,-117.78533,572
60922,33.689356,-117.78514,573
60922,33.689498,-117.78499,574
60922,33.689653,-117.784837,575
60922,33.689941,-117.784552,576
60922,33.690646,-117.783858,577
60922,33.690851,-117.78366,578
60922,33.691054,-117.783462,579
60922,33.691453,-117.783071,580
60922,33.69161,-117.782914,581
60922,33.692046,-117.78249,582
60922,33.692549,-117.78204,583
60922,33.692828,-117.781863,584
60922,33.693219,-117.781662,585
60922,33.693444,-117.781597,586
60922,33.693467,-117.781575,587
60922,33.693555,-117.781487,588
60922,33.693935,-117.781372,589
60922,33.694016,-117.781347,590
60922,33.694107,-117.781317,591
60922,33.694394,-117.781222,592
60922,33.694515,-117.781182,593
60922,33.694817,-117.781087,594
60922,33.69522,-117.780901,595
60922,33.695291,-117.780863,596
60922,33.695354,-117.78083,597
60922,33.695418,-117.780789,598
60922,33.695488,-117.780744,599
60922,33.695726,-117.780582,600
60922,33.69581,-117.780525,601
60922,33.695963,-117.780386,602
60922,33.696179,-117.780191,603
60922,33.696692,-117.779676,604
60922,33.697428,-117.778926,605
60922,33.697645,-117.778722,606
60922,33.697736,-117.778633,607
60922,33.698084,-117.778293,608
60922,33.69815,-117.778228,609
60922,33.698239,-117.778145,610
60922,33.698505,-117.777872,611
60922,33.698589,-117.777786,612
60922,33.698651,-117.777727,613
60922,33.698969,-117.777409,614
60922,33.699458,-117.776909,615
60922,33.699663,-117.776672,616
60922,33.699926,-117.776319,617
60922,33.700252,-117.775788,618
60922,33.700344,-117.775673,619
60922,33.700732,-117.774944,620
60922,33.701131,-117.774192,621
60922,33.70125,-117.773976,622
60922,33.701331,-117.773839,623
60922,33.701435,-117.773692,624
60922,33.701665,-117.773407,625
60922,33.70178,-117.773291,626
60922,33.701837,-117.77316,627
60922,33.702019,-117.773024,628
60922,33.702129,-117.772942,629
60922,33.702345,-117.772808,630
60922,33.702504,-117.772729,631
60922,33.702697,-117.772648,632
60922,33.702849,-117.772599,633
60922,33.702933,-117.772576,634
60922,33.703057,-117.772541,635
60922,33.703193,-117.772506,636
60922,33.70345,-117.772441,637
60922,33.703583,-117.77241,638
60922,33.703708,-117.772387,639
60922,33.703906,-117.77235,640
60922,33.704201,-117.772311,641
60922,33.704614,-117.772257,642
60922,33.704749,-117.77224,643
60922,33.704976,-117.772212,644
60922,33.705113,-117.772195,645
60922,33.705373,-117.772162,646
60922,33.705451,-117.772146,647
60922,33.705568,-117.772117,648
60922,33.7057,-117.772075,649
60922,33.705832,-117.77203,650
60922,33.705959,-117.771976,651
60922,33.706165,-117.771882,652
60922,33.706284,-117.771818,653
60922,33.706459,-117.771705,654
60922,33.706652,-117.771565,655
60922,33.70676,-117.771483,656
60922,33.706833,-117.771413,657
60922,33.707075,-117.771181,658
60922,33.70714,-117.771116,659
60922,33.707212,-117.771044,660
60922,33.707297,-117.770957,661
60922,33.707362,-117.770893,662
60922,33.707493,-117.770762,663
60922,33.708715,-117.769537,664
60922,33.709184,-117.769068,665
60922,33.709342,-117.768892,666
60922,33.709502,-117.768683,667
60922,33.709586,-117.768565,668
60922,33.709639,-117.768474,669
60922,33.709695,-117.768379,670
60922,33.709776,-117.76824,671
60922,33.709835,-117.768122,672
60922,33.709888,-117.768013,673
60922,33.709928,-117.767931,674
60922,33.709981,-117.767804,675
60922,33.709984,-117.767808,676
60922,33.710059,-117.767911,677
60922,33.710112,-117.767988,678
60922,33.710183,-117.76809,679
60922,33.710826,-117.769012,680
60922,33.710895,-117.76911,681
60922,33.712025,-117.770735,682
60922,33.712112,-117.770862,683
60922,33.712394,-117.771273,684
60922,33.712444,-117.771346,685
60922,33.712501,-117.771426,686
60922,33.712559,-117.77151,687
60922,33.712795,-117.771848,688
60922,33.714766,-117.774663,689
60922,33.715167,-117.775249,690
60922,33.715522,-117.775758,691
60922,33.715597,-117.775864,692
60922,33.715883,-117.776269,693
60922,33.715965,-117.776388,694
60922,33.716031,-117.776319,695
60922,33.716096,-117.776251,696
60922,33.71719,-117.775121,697
60922,33.717294,-117.775013,698
60922,33.718184,-117.774132,699
60922,33.718627,-117.773693,700
60922,33.718705,-117.773615,701
60922,33.718767,-117.77355,702
60922,33.718947,-117.773361,703
60922,33.719949,-117.772305,704
60922,33.720058,-117.772196,705
60922,33.72055,-117.771707,706
60922,33.720739,-117.771519,707
60922,33.721203,-117.771063,708
60922,33.721213,-117.771053,709
60922,33.721301,-117.77097,710
60922,33.721209,-117.770842,711
60922,33.721107,-117.770702,712
60922,33.721088,-117.770676,713
60922,33.720238,-117.769477,714
60922,33.719628,-117.768603,715
60922,33.719015,-117.767739,716
60922,33.718831,-117.76748,717
60922,33.718681,-117.767262,718
60922,33.716213,-117.763682,719
60922,33.715746,-117.763012,720
60922,33.715557,-117.762757,721
60922,33.715352,-117.762499,722
60922,33.715105,-117.762152,723
60922,33.714459,-117.761223,724
60922,33.714445,-117.761204,725
60922,33.714374,-117.761101,726
60922,33.714287,-117.761187,727
60922,33.714205,-117.761269,728
60922,33.713258,-117.762213,729
60922,33.712787,-117.762692,730
60922,33.71272,-117.76276,731
60922,33.712632,-117.762851,732
60922,33.712548,-117.762932,733
60922,33.712392,-117.763086,734
60922,33.712229,-117.763248,735
60922,33.712025,-117.763443,736
60922,33.711876,-117.763589,737
60922,33.711782,-117.763688,738
60922,33.711683,-117.76379,739
60922,33.71158,-117.763906,740
60922,33.711447,-117.764076,741
60922,33.71127,-117.764329,742
60922,33.711152,-117.76452,743
60922,33.711074,-117.76467,744
60922,33.711019,-117.764777,745
60922,33.710929,-117.765005,746
60922,33.710853,-117.765215,747
60922,33.71078,-117.765447,748
60922,33.710766,-117.765496,749
60922,33.710523,-117.766347,750
60922,33.710367,-117.766893,751
60922,33.710332,-117.767014,752
60922,33.710292,-117.767154,753
60922,33.710205,-117.767439,754
60922,33.710125,-117.767695,755
60922,33.710096,-117.767791,756
60922,33.710059,-117.767911,757
60922,33.710055,-117.767921,758
60922,33.710002,-117.768035,759
60922,33.709957,-117.768129,760
60922,33.709903,-117.768243,761
60922,33.709754,-117.768514,762
60922,33.709679,-117.768634,763
60922,33.709493,-117.768897,764
60922,33.709266,-117.769161,765
60922,33.70879,-117.769642,766
60922,33.70786,-117.770549,767
60922,33.707426,-117.770985,768
60922,33.707362,-117.771049,769
60922,33.707275,-117.771136,770
60922,33.707207,-117.771209,771
60922,33.70707,-117.771355,772
60922,33.707044,-117.77138,773
60922,33.706897,-117.771522,774
60922,33.706803,-117.771603,775
60922,33.706676,-117.771701,776
60922,33.706507,-117.771821,777
60922,33.706314,-117.771941,778
60922,33.706093,-117.77206,779
60922,33.705858,-117.772155,780
60922,33.70568,-117.77221,781
60922,33.705515,-117.772257,782
60922,33.705245,-117.772309,783
60922,33.704988,-117.772341,784
60922,33.704628,-117.772384,785
60922,33.704517,-117.772399,786
60922,33.704468,-117.772406,787
60922,33.704141,-117.772454,788
60922,33.703995,-117.772474,789
60922,33.703883,-117.772493,790
60922,33.703666,-117.772529,791
60922,33.703087,-117.772674,792
60922,33.703058,-117.772681,793
60922,33.702782,-117.772761,794
60922,33.702643,-117.77281,795
60922,33.702452,-117.772892,796
60922,33.702303,-117.772971,797
60922,33.702181,-117.773052,798
60922,33.702073,-117.773131,799
60922,33.701912,-117.773266,800
60922,33.70178,-117.773291,801
60922,33.701665,-117.773407,802
60922,33.701513,-117.773596,803
60922,33.701435,-117.773692,804
60922,33.701331,-117.773839,805
60922,33.70125,-117.773976,806
60922,33.701131,-117.774192,807
60922,33.700732,-117.774944,808
60922,33.700344,-117.775673,809
60922,33.7003,-117.775824,810
60922,33.700034,-117.776306,811
60922,33.699816,-117.776636,812
60922,33.69965,-117.776857,813
60922,33.6995,-117.77704,814
60922,33.699044,-117.777505,815
60922,33.698694,-117.777855,816
60922,33.69866,-117.77789,817
60922,33.698598,-117.777951,818
60922,33.698306,-117.778243,819
60922,33.698221,-117.77833,820
60922,33.698154,-117.778396,821
60922,33.697891,-117.778656,822
60922,33.697459,-117.779091,823
60922,33.696762,-117.779775,824
60922,33.696139,-117.780416,825
60922,33.695863,-117.780636,826
60922,33.695789,-117.780686,827
60922,33.695591,-117.780817,828
60922,33.695449,-117.780915,829
60922,33.695371,-117.780962,830
60922,33.695228,-117.781031,831
60922,33.694858,-117.78121,832
60922,33.694521,-117.781335,833
60922,33.69439,-117.781371,834
60922,33.694132,-117.781441,835
60922,33.694039,-117.781466,836
60922,33.69396,-117.781489,837
60922,33.693593,-117.781596,838
60922,33.69348,-117.781597,839
60922,33.693444,-117.781597,840
60922,33.693219,-117.781662,841
60922,33.692828,-117.781863,842
60922,33.692549,-117.78204,843
60922,33.692046,-117.78249,844
60922,33.69161,-117.782914,845
60922,33.691453,-117.783071,846
60922,33.691054,-117.783462,847
60922,33.690851,-117.78366,848
60922,33.690646,-117.783858,849
60922,33.689941,-117.784552,850
60922,33.689653,-117.784837,851
60922,33.689498,-117.78499,852
60922,33.689175,-117.78533,853
60922,33.689092,-117.785421,854
60922,33.68904,-117.785514,855
60922,33.68901,-117.78557,856
60922,33.688997,-117.785593,857
60922,33.688884,-117.785705,858
60922,33.68745,-117.787128,859
60922,33.687404,-117.787173,860
60922,33.687012,-117.787564,861
60922,33.686926,-117.787651,862
60922,33.686442,-117.788144,863
60922,33.686418,-117.788169,864
60922,33.686313,-117.788276,865
60922,33.686177,-117.788413,866
60922,33.6861,-117.788494,867
60922,33.686038,-117.788561,868
60922,33.685874,-117.788727,869
60922,33.685492,-117.789114,870
60922,33.684939,-117.789662,871
60922,33.684661,-117.789937,872
60922,33.684192,-117.790395,873
60922,33.684173,-117.790414,874
60922,33.684166,-117.790421,875
60922,33.68415,-117.790435,876
60922,33.684083,-117.7905,877
60922,33.684138,-117.790585,878
60922,33.684453,-117.79104,879
60922,33.684593,-117.791227,880
60922,33.684895,-117.79163,881
60922,33.684964,-117.791716,882
60922,33.684983,-117.79174,883
60922,33.685031,-117.791798,884
60922,33.685176,-117.791977,885
60922,33.685233,-117.792043,886
60922,33.685574,-117.792439,887
60922,33.686036,-117.792928,888
60922,33.686646,-117.793521,889
60922,33.686769,-117.793642,890
60922,33.686865,-117.793736,891
60922,33.687056,-117.793923,892
60922,33.687143,-117.794005,893
60922,33.687229,-117.794105,894
60922,33.687513,-117.794437,895
60922,33.687772,-117.7948,896
60922,33.68793,-117.795058,897
60922,33.688006,-117.795202,898
60922,33.688094,-117.795371,899
60922,33.688167,-117.795509,900
60922,33.688213,-117.795615,901
60922,33.68835,-117.795963,902
60922,33.688431,-117.796219,903
60922,33.68851,-117.796491,904
60922,33.688581,-117.796806,905
60922,33.688627,-117.797038,906
60922,33.688656,-117.797268,907
60922,33.688694,-117.797665,908
60922,33.688708,-117.797995,909
60922,33.688705,-117.798132,910
60922,33.688702,-117.798228,911
60922,33.688697,-117.798386,912
60922,33.688691,-117.798465,913
60922,33.688685,-117.79854,914
60922,33.688676,-117.798648,915
60922,33.688667,-117.798729,916
60922,33.688635,-117.798966,917
60922,33.688624,-117.799047,918
60922,33.688532,-117.799508,919
60922,33.68847,-117.799773,920
60922,33.688381,-117.800036,921
60922,33.688345,-117.800129,922
60922,33.688283,-117.800281,923
60922,33.688177,-117.800539,924
60922,33.687949,-117.800989,925
60922,33.687723,-117.801361,926
60922,33.687461,-117.801721,927
60922,33.687306,-117.801906,928
60922,33.687215,-117.802004,929
60922,33.687145,-117.802078,930
60922,33.687035,-117.802199,931
60922,33.686744,-117.802444,932
60922,33.686411,-117.802693,933
60922,33.686131,-117.802862,934
60922,33.686046,-117.802906,935
60922,33.685847,-117.803008,936
60922,33.685677,-117.803084,937
60922,33.685572,-117.803131,938
60922,33.685494,-117.803165,939
60922,33.685381,-117.803214,940
60922,33.685131,-117.803322,941
60922,33.684784,-117.803478,942
60922,33.684493,-117.803649,943
60922,33.684137,-117.803893,944
60922,33.68392,-117.804088,945
60922,33.683886,-117.804119,946
60922,33.683815,-117.804184,947
60922,33.683728,-117.804262,948
60922,33.683669,-117.804329,949
60922,33.683603,-117.804402,950
60922,33.683545,-117.80447,951
60922,33.683311,-117.804742,952
60922,33.683069,-117.805071,953
60922,33.683019,-117.805136,954
60922,33.68286,-117.805346,955
60922,33.682563,-117.805754,956
60922,33.682475,-117.805875,957
60922,33.682374,-117.805924,958
60922,33.682355,-117.805953,959
60922,33.682302,-117.806033,960
60922,33.682197,-117.806178,961
60922,33.682125,-117.806277,962
60922,33.682119,-117.806285,963
60922,33.682098,-117.806314,964
60922,33.682084,-117.806333,965
60922,33.682056,-117.806372,966
60922,33.682028,-117.806411,967
60922,33.681976,-117.806485,968
60922,33.681872,-117.806636,969
60922,33.68175,-117.8068,970
60922,33.68173,-117.806827,971
60922,33.68172,-117.806841,972
60922,33.681608,-117.806991,973
60922,33.681558,-117.807057,974
60922,33.681524,-117.807102,975
60922,33.681508,-117.807124,976
60922,33.681488,-117.807152,977
60922,33.681458,-117.807189,978
60922,33.681251,-117.807448,979
60922,33.681225,-117.807481,980
60922,33.680942,-117.807773,981
60922,33.680655,-117.80806,982
60922,33.680639,-117.808076,983
60922,33.680574,-117.808134,984
60922,33.680055,-117.8086,985
60922,33.680032,-117.80862,986
60922,33.679992,-117.808654,987
60922,33.679823,-117.808805,988
60922,33.679814,-117.808813,989
60922,33.679779,-117.808844,990
60922,33.679771,-117.808851,991
60922,33.679601,-117.808986,992
60922,33.679585,-117.808999,993
60922,33.679429,-117.809125,994
60922,33.67926,-117.809263,995
60922,33.679197,-117.809323,996
60922,33.679122,-117.809386,997
60922,33.679112,-117.809412,998
60922,33.679074,-117.80951,999
60922,33.678978,-117.80941,1000
60922,33.678899,-117.809329,1001
60922,33.6788,-117.809222,1002
60922,33.67868,-117.809084,1003
60922,33.678593,-117.808982,1004
60922,33.678522,-117.808897,1005
60922,33.678384,-117.80872,1006
60922,33.678252,-117.808538,1007
60922,33.678124,-117.808356,1008
60922,33.678002,-117.808173,1009
60922,33.677886,-117.807987,1010
60922,33.677699,-117.807666,1011
60922,33.677557,-117.807402,1012
60922,33.677441,-117.807184,1013
60922,33.677088,-117.80653,1014
60922,33.676906,-117.806188,1015
60922,33.676723,-117.805849,1016
60922,33.676647,-117.805716,1017
60922,33.676527,-117.805515,1018
60922,33.676468,-117.805427,1019
60922,33.676361,-117.805267,1020
60922,33.676228,-117.805083,1021
60922,33.676176,-117.805011,1022
60922,33.676122,-117.804942,1023
60922,33.676015,-117.804811,1024
60922,33.676009,-117.804803,1025
60922,33.675917,-117.804696,1026
60922,33.675998,-117.804608,1027
60922,33.676063,-117.804547,1028
60922,33.676359,-117.804268,1029
60922,33.676586,-117.804055,1030
60922,33.67706,-117.803609,1031
60922,33.677126,-117.803544,1032
60922,33.677218,-117.803454,1033
60922,33.677276,-117.803398,1034
60922,33.677446,-117.803231,1035
60922,33.677531,-117.803151,1036
60922,33.677678,-117.803012,1037
60922,33.677918,-117.802777,1038
60922,33.678249,-117.802449,1039
60922,33.678527,-117.802184,1040
60922,33.678683,-117.802036,1041
60922,33.67885,-117.801881,1042
60922,33.67902,-117.801721,1043
60922,33.679027,-117.801714,1044
60922,33.67919,-117.801565,1045
60922,33.679691,-117.801042,1046
60922,33.679455,-117.80082,1047
60922,33.678919,-117.800315,1048
60922,33.678483,-117.799874,1049
60922,33.678345,-117.799735,1050
60922,33.678258,-117.799647,1051
60922,33.677935,-117.799274,1052
60922,33.677741,-117.799009,1053
60922,33.677534,-117.798727,1054
60922,33.677249,-117.798256,1055
60922,33.676981,-117.797741,1056
60922,33.676898,-117.797559,1057
60922,33.676806,-117.797328,1058
60922,33.676741,-117.797163,1059
60922,33.676687,-117.797025,1060
60922,33.676646,-117.796913,1061
60922,33.676564,-117.796632,1062
60922,33.676434,-117.796182,1063
60922,33.676422,-117.796142,1064
60922,33.676265,-117.795355,1065
60922,33.676253,-117.795265,1066
60922,33.676201,-117.794612,1067
60922,33.67619,-117.794193,1068
60922,33.676183,-117.793663,1069
60922,33.676182,-117.792729,1070
60922,33.676182,-117.792598,1071
60922,33.676156,-117.791711,1072
60922,33.676147,-117.791575,1073
60922,33.676133,-117.791366,1074
60922,33.676116,-117.791113,1075
60922,33.676035,-117.790546,1076
60922,33.675882,-117.789824,1077
60922,33.675733,-117.789261,1078
60922,33.67558,-117.788789,1079
60922,33.675442,-117.788412,1080
60922,33.675368,-117.788231,1081
60922,33.675173,-117.787797,1082
60922,33.675121,-117.787688,1083
60922,33.675062,-117.787565,1084
60922,33.675005,-117.787445,1085
60922,33.674903,-117.787271,1086
60922,33.673975,-117.785687,1087
60922,33.673867,-117.785499,1088
60922,33.673639,-117.785096,1089
60922,33.6736,-117.785027,1090
60922,33.673576,-117.784989,1091
60922,33.673505,-117.78487,1092
60922,33.673421,-117.784722,1093
60922,33.673362,-117.784624,1094
60922,33.67291,-117.783875,1095
60922,33.672674,-117.783486,1096
60922,33.672418,-117.783063,1097
60922,33.672321,-117.782889,1098
60922,33.672266,-117.78279,1099
60922,33.672127,-117.782542,1100
60922,33.671937,-117.782204,1101
60922,33.671306,-117.781169,1102
60922,33.670903,-117.780607,1103
60922,33.669526,-117.779084,1104
60922,33.669283,-117.778761,1105
60922,33.669054,-117.778412,1106
60922,33.668848,-117.778046,1107
60922,33.668633,-117.77761,1108
60922,33.668132,-117.776396,1109
60922,33.667906,-117.775832,1110
60922,33.667679,-117.77535,1111
60922,33.667328,-117.774729,1112
60922,33.667069,-117.774297,1113
60922,33.667053,-117.77427,1114
60922,33.667012,-117.774204,1115
60922,33.666996,-117.774177,1116
60922,33.666942,-117.774089,1117
60922,33.666876,-117.773979,1118
60922,33.666827,-117.773905,1119
60922,33.666761,-117.773806,1120
60922,33.666353,-117.773228,1121
60922,33.665925,-117.772722,1122
60922,33.665323,-117.772145,1123
60922,33.665021,-117.771803,1124
60922,33.664905,-117.771671,1125
60922,33.664665,-117.771324,1126
60922,33.664655,-117.771309,1127
60922,33.664584,-117.771205,1128
60922,33.664582,-117.771207,1129
60922,33.66451,-117.771281,1130
60922,33.664414,-117.771365,1131
60922,33.664287,-117.771476,1132
60922,33.66423,-117.771532,1133
60922,33.66404,-117.771709,1134
60922,33.663747,-117.772,1135
60922,33.663737,-117.77201,1136
60922,33.66367,-117.772076,1137
60922,33.663311,-117.77242,1138
60922,33.662867,-117.772865,1139
60922,33.662774,-117.772959,1140
60922,33.662451,-117.773279,1141
60922,33.661802,-117.773921,1142
60922,33.661028,-117.774686,1143
60922,33.660526,-117.775183,1144
60922,33.660511,-117.775198,1145
60922,33.660358,-117.775228,1146
60922,33.66024,-117.775362,1147
60922,33.660084,-117.775146,1148
60922,33.659998,-117.775022,1149
60922,33.659714,-117.774612,1150
60922,33.659544,-117.774378,1151
60922,33.659202,-117.773853,1152
60922,33.659022,-117.773592,1153
60922,33.658994,-117.77355,1154
60922,33.658729,-117.773149,1155
60922,33.658723,-117.773141,1156
60922,33.658618,-117.773015,1157
60922,33.658616,-117.773013,1158
60922,33.658518,-117.772905,1159
60922,33.658371,-117.772711,1160
60922,33.658276,-117.772586,1161
60922,33.658195,-117.772463,1162
60922,33.658165,-117.772418,1163
60922,33.658018,-117.77219,1164
60922,33.657822,-117.77189,1165
60922,33.657729,-117.771726,1166
60922,33.657643,-117.771567,1167
60922,33.657573,-117.771449,1168
60922,33.657507,-117.771325,1169
60922,33.657419,-117.771158,1170
60922,33.657335,-117.770986,1171
60922,33.657196,-117.770649,1172
60922,33.657184,-117.770624,1173
60922,33.657131,-117.770483,1174
60922,33.657018,-117.770128,1175
60922,33.65693,-117.769812,1176
60922,33.656886,-117.769629,1177
60922,33.65685,-117.769444,1178
60922,33.656818,-117.769259,1179
60922,33.656791,-117.769067,1180
60922,33.656768,-117.76888,1181
60922,33.656754,-117.768691,1182
60922,33.656753,-117.768676,1183
60922,33.656746,-117.768556,1184
60922,33.65674,-117.768433,1185
60922,33.656733,-117.768317,1186
60922,33.656732,-117.76829,1187
60922,33.656731,-117.768233,1188
60922,33.65673,-117.768091,1189
60922,33.656731,-117.767989,1190
60922,33.656735,-117.767887,1191
60922,33.656747,-117.767633,1192
60922,33.656756,-117.767498,1193
60922,33.656768,-117.767363,1194
60922,33.656803,-117.76712,1195
60922,33.656821,-117.767006,1196
60922,33.656839,-117.766892,1197
60922,33.656861,-117.766788,1198
60922,33.656885,-117.766679,1199
60922,33.656912,-117.76652,1200
60922,33.656914,-117.766514,1201
60922,33.6571,-117.765625,1202
60922,33.657209,-117.765096,1203
60922,33.657352,-117.76441,1204
60922,33.657391,-117.764238,1205
60922,33.657396,-117.764217,1206
60922,33.657509,-117.763657,1207
60922,33.657537,-117.763496,1208
60922,33.657567,-117.763313,1209
60922,33.65758,-117.763219,1210
60922,33.65759,-117.763125,1211
60922,33.657617,-117.762864,1212
60922,33.657627,-117.762701,1213
60922,33.657633,-117.762599,1214
60922,33.657637,-117.762459,1215
60922,33.657639,-117.76225,1216
60922,33.657638,-117.762223,1217
60922,33.657637,-117.762135,1218
60922,33.657633,-117.762063,1219
60922,33.65763,-117.762018,1220
60922,33.657628,-117.761957,1221
60922,33.657627,-117.761925,1222
60922,33.657625,-117.761889,1223
60922,33.657605,-117.761649,1224
60922,33.657602,-117.761619,1225
60922,33.657583,-117.761453,1226
60922,33.657549,-117.761213,1227
60922,33.657528,-117.761098,1228
60922,33.657504,-117.760985,1229
60922,33.657423,-117.760614,1230
60922,33.657367,-117.760407,1231
60922,33.657306,-117.760206,1232
60922,33.657268,-117.760093,1233
60922,33.657224,-117.759971,1234
60922,33.657172,-117.759832,1235
60922,33.656934,-117.759201,1236
60922,33.656866,-117.759017,1237
60922,33.656797,-117.758841,1238
60922,33.656341,-117.757626,1239
60922,33.656117,-117.75702,1240
60922,33.656016,-117.756723,1241
60922,33.655993,-117.756655,1242
60922,33.655928,-117.756466,1243
60922,33.655909,-117.756404,1244
60922,33.655835,-117.756167,1245
60922,33.655739,-117.755825,1246
60922,33.655735,-117.75581,1247
60922,33.655702,-117.755702,1248
60922,33.655687,-117.755654,1249
60922,33.65567,-117.755588,1250
60922,33.65566,-117.75555,1251
60922,33.65563,-117.755454,1252
60922,33.655621,-117.755419,1253
60922,33.655618,-117.755407,1254
60922,33.655554,-117.755138,1255
60922,33.655527,-117.755012,1256
60922,33.655499,-117.754871,1257
60922,33.655395,-117.754312,1258
60922,33.655365,-117.754127,1259
60922,33.655338,-117.753943,1260
60922,33.655316,-117.753791,1261
60922,33.655298,-117.753637,1262
60922,33.655274,-117.753463,1263
60922,33.65525,-117.753182,1264
60922,33.655227,-117.752879,1265
60922,33.655218,-117.752764,1266
60922,33.655217,-117.752742,1267
60922,33.655216,-117.752728,1268
60922,33.655205,-117.752546,1269
60922,33.655195,-117.752388,1270
60922,33.655193,-117.752354,1271
60922,33.655188,-117.752111,1272
60922,33.655186,-117.751868,1273
60922,33.655189,-117.75133,1274
60922,33.655207,-117.749886,1275
60922,33.655215,-117.749204,1276
60922,33.655217,-117.749045,1277
60922,33.655066,-117.749042,1278
60922,33.654762,-117.749039,1279
60922,33.654245,-117.749035,1280
60922,33.654078,-117.749029,1281
60922,33.653903,-117.749023,1282
60922,33.653488,-117.749008,1283
60922,33.653366,-117.749003,1284
60922,33.653242,-117.749002,1285
60922,33.65305,-117.749001,1286
60922,33.652514,-117.748989,1287
60922,33.652358,-117.748985,1288
60922,33.652128,-117.748977,1289
60922,33.651963,-117.748967,1290
60922,33.651809,-117.748948,1291
60922,33.651654,-117.748921,1292
60922,33.651365,-117.748855,1293
60922,33.651346,-117.748851,1294
60922,33.651218,-117.748722,1295
60922,33.651189,-117.748693,1296
60922,33.651169,-117.748577,1297
60922,33.65114,-117.748405,1298
60922,33.651174,-117.747945,1299
60922,33.651194,-117.747644,1300
60922,33.651194,-117.747636,1301
60922,33.651204,-117.747456,1302
60922,33.651204,-117.747452,1303
60922,33.651216,-117.747252,1304
60922,33.651217,-117.747248,1305
60922,33.651229,-117.747154,1306
60922,33.651232,-117.747131,1307
60922,33.651294,-117.747041,1308
60922,33.651301,-117.746868,1309
60922,33.651442,-117.746908,1310
60922,33.651459,-117.746912,1311
60922,33.651609,-117.746946,1312
60922,33.651746,-117.746964,1313
60922,33.651878,-117.746968,1314
60922,33.652008,-117.746957,1315
60922,33.652096,-117.746941,1316
60922,33.652177,-117.746926,1317
60922,33.652286,-117.74689,1318
60922,33.652425,-117.746838,1319
60922,33.652486,-117.746806,1320
60922,33.652561,-117.746767,1321
60922,33.652613,-117.746732,1322
60922,33.652703,-117.746673,1323
60922,33.652852,-117.746543,1324
60922,33.652875,-117.74652,1325
60922,33.652966,-117.746426,1326
60922,33.653087,-117.746276,1327
60922,33.653123,-117.746222,1328
60922,33.653188,-117.746126,1329
60922,33.653196,-117.746114,1330
60922,33.653271,-117.745944,1331
60922,33.653365,-117.746022,1332
60922,33.653455,-117.746079,1333
60922,33.653464,-117.746085,1334
60922,33.653468,-117.746087,1335
60922,33.653579,-117.74616,1336
60922,33.653831,-117.746324,1337
60922,33.654138,-117.746519,1338
60922,33.654487,-117.74669,1339
60922,33.654814,-117.746799,1340
60922,33.65491,-117.74682,1341
60922,33.65514,-117.746852,1342
60922,33.655274,-117.746864,1343
60922,33.65529,-117.746634,1344
60922,33.655309,-117.746417,1345
60922,33.65533,-117.746186,1346
60922,33.655345,-117.746045,1347
60922,33.655363,-117.745905,1348
60922,33.6554,-117.74565,1349
60922,33.655407,-117.745602,1350
60922,33.655481,-117.7451,1351
60922,33.65552,-117.744807,1352
60922,33.655553,-117.744571,1353
60922,33.655581,-117.744341,1354
60922,33.6557,-117.74343,1355
60922,33.655756,-117.742955,1356
60922,33.655765,-117.742857,1357
60922,33.655776,-117.742715,1358
60922,33.655783,-117.742582,1359
60922,33.655788,-117.742452,1360
60922,33.655787,-117.742171,1361
60922,33.655779,-117.741914,1362
60922,33.655755,-117.741675,1363
60922,33.65571,-117.74133,1364
60922,33.655675,-117.7411,1365
60922,33.655653,-117.741001,1366
60922,33.655584,-117.740693,1367
60922,33.655538,-117.74052,1368
60922,33.655465,-117.740233,1369
60922,33.655344,-117.739819,1370
60922,33.655338,-117.739798,1371
60922,33.65531,-117.739697,1372
60922,33.65526,-117.739544,1373
60922,33.655208,-117.739424,1374
60922,33.655201,-117.739407,1375
60922,33.65512,-117.739211,1376
60922,33.655072,-117.739104,1377
60922,33.655062,-117.73908,1378
60922,33.654994,-117.738941,1379
60922,33.654925,-117.738803,1380
60922,33.654851,-117.738666,1381
60922,33.654774,-117.738532,1382
60922,33.654701,-117.738411,1383
60922,33.654632,-117.7383,1384
60922,33.654552,-117.738186,1385
60922,33.65445,-117.738041,1386
60922,33.654306,-117.737854,1387
60922,33.654162,-117.737682,1388
60922,33.654149,-117.737669,1389
60922,33.654058,-117.737574,1390
60922,33.654183,-117.737414,1391
60922,33.654233,-117.737284,1392
60922,33.654245,-117.737255,1393
60922,33.654427,-117.737018,1394
60922,33.65453,-117.736883,1395
60922,33.654618,-117.736815,1396
60922,33.654783,-117.736608,1397
60922,33.655365,-117.735935,1398
60922,33.655473,-117.735829,1399
60922,33.655631,-117.735674,1400
60922,33.655796,-117.735512,1401
60922,33.655834,-117.73541,1402
60922,33.656028,-117.735214,1403
60922,33.656058,-117.735184,1404
60922,33.656079,-117.735163,1405
60922,33.656102,-117.735148,1406
60922,33.656196,-117.73509,1407
60922,33.656312,-117.734955,1408
60922,33.656395,-117.734868,1409
60922,33.656404,-117.734859,1410
60922,33.656616,-117.734638,1411
60922,33.656787,-117.734459,1412
60922,33.656875,-117.734362,1413
60922,33.656772,-117.734221,1414
60922,33.656286,-117.73353,1415
60922,33.656136,-117.733319,1416
60922,33.655696,-117.732694,1417
60922,33.655587,-117.732539,1418
60922,33.655526,-117.732453,1419
60922,33.656076,-117.732351,1420
60922,33.656169,-117.732338,1421
60922,33.656268,-117.732328,1422
60922,33.656388,-117.732316,1423
60922,33.656408,-117.732314,1424
60922,33.656641,-117.732643,1425
60922,33.656822,-117.732899,1426